143
145
147
149
151
153
156
158
160
162
165
167
170
172
175
177
180
183
186
188
191
194
196
199
202
205
208
211
213
216
219
222
225
229
234
238
242
246
250
258
266
274
284
294
303
311
319
326
334
342
350
375
401
427
453
476
499
520
540
560
581
601
623
646
668
690
724
769
831
1018
1057
1096
1135
1173
1212
1251
1290
1329
1367
1406
1445
1484
1562
1670
1778
1885
1993
2108
2224
2340
2456
2553
2638
2723
2809
2894
2980
3082
3190
3297
3405
